    1.2999  7.59029e+09  7.60064e+09     1.00136
    1.2998  7.58736e+09   7.584e+09    0.999557
    1.2997  7.58444e+09  7.57632e+09     0.99893
    1.2996  7.58151e+09  7.59808e+09     1.00219
    1.2995  7.57859e+09  7.57248e+09    0.999194
    1.2994  7.57566e+09  7.58016e+09     1.00059
    1.2993  7.57274e+09  7.57632e+09     1.00047
    1.2992  7.56982e+09  7.5712e+09     1.00018
    1.2991  7.5669e+09  7.56992e+09      1.0004
     1.299  7.56398e+09  7.58016e+09     1.00214
    1.2989  7.56106e+09  7.54048e+09    0.997278
    1.2988  7.55814e+09  7.55456e+09    0.999526
    1.2987  7.55523e+09  7.56736e+09     1.00161
    1.2986  7.55231e+09  7.56864e+09     1.00216
    1.2985  7.5494e+09  7.5264e+09    0.996954
    1.2984  7.54648e+09  7.57248e+09     1.00344
    1.2983  7.54357e+09  7.52128e+09    0.997045
    1.2982  7.54067e+09  7.54688e+09     1.00082
    1.2981  7.53776e+09  7.54432e+09     1.00087
     1.298  7.53484e+09  7.53152e+09    0.999559
    1.2979  7.53193e+09    7.52e+09    0.998417
    1.2978  7.52903e+09  7.53536e+09     1.00084
    1.2977  7.52612e+09  7.54048e+09     1.00191
    1.2976  7.52321e+09  7.52256e+09    0.999913
    1.2975  7.52031e+09  7.52128e+09     1.00013
    1.2974  7.5174e+09  7.5328e+09     1.00205
    1.2973  7.51449e+09  7.5136e+09    0.999881
    1.2972  7.5116e+09  7.51104e+09    0.999926
    1.2971  7.50869e+09  7.4944e+09    0.998097
     1.297  7.5058e+09  7.50976e+09     1.00053
    1.2969  7.50289e+09  7.50592e+09      1.0004
    1.2968     7.5e+09  7.49568e+09    0.999424
    1.2967  7.49709e+09  7.51488e+09     1.00237
    1.2966  7.4942e+09  7.47776e+09    0.997806
    1.2965  7.49131e+09  7.50592e+09     1.00195
    1.2964  7.48841e+09  7.48672e+09    0.999774
    1.2963  7.48552e+09  7.49824e+09      1.0017
    1.2962  7.48262e+09  7.46368e+09    0.997468
    1.2961  7.47973e+09  7.49952e+09     1.00265
     1.296  7.47685e+09  7.47136e+09    0.999265
    1.2959  7.47395e+09  7.4624e+09    0.998454
    1.2958  7.47106e+09  7.48032e+09     1.00124
    1.2957  7.46817e+09  7.48544e+09     1.00231
    1.2956  7.46529e+09  7.45856e+09    0.999099
    1.2955  7.46241e+09  7.47392e+09     1.00154
    1.2954  7.45951e+09  7.45728e+09    0.999701
    1.2953  7.45663e+09  7.45344e+09    0.999572
    1.2952  7.45374e+09  7.44704e+09    0.999101
    1.2951  7.45086e+09  7.47392e+09     1.00309
     1.295  7.44798e+09  7.43168e+09    0.997812
    1.2949  7.4451e+09  7.45088e+09     1.00078
    1.2948  7.44222e+09  7.45472e+09     1.00168
    1.2947  7.43935e+09  7.42784e+09    0.998453
    1.2946  7.43646e+09  7.42272e+09    0.998152
    1.2945  7.43359e+09  7.43808e+09      1.0006
    1.2944  7.43072e+09  7.43424e+09     1.00047
    1.2943  7.42784e+09  7.4176e+09    0.998621
    1.2942  7.42497e+09  7.43296e+09     1.00108
    1.2941  7.42209e+09  7.42784e+09     1.00077
     1.294  7.41921e+09  7.40992e+09    0.998747
    1.2939  7.41635e+09  7.43552e+09     1.00258
    1.2938  7.41348e+09  7.40352e+09    0.998657
    1.2937  7.41061e+09  7.42656e+09     1.00215
    1.2936  7.40774e+09  7.40736e+09    0.999949
    1.2935  7.40488e+09  7.38816e+09    0.997743
    1.2934  7.40201e+09   7.424e+09     1.00297
    1.2933  7.39914e+09  7.3856e+09     0.99817
    1.2932  7.39627e+09  7.38816e+09    0.998903
    1.2931  7.39341e+09  7.41248e+09     1.00258
     1.293  7.39055e+09  7.39968e+09     1.00124
    1.2929  7.38768e+09  7.36896e+09    0.997466
    1.2928  7.38482e+09  7.4112e+09     1.00357
    1.2927  7.38196e+09  7.3536e+09    0.996158
    1.2926  7.37911e+09  7.40608e+09     1.00366
    1.2925  7.37624e+09  7.37408e+09    0.999707
    1.2924  7.37339e+09  7.37792e+09     1.00062
    1.2923  7.37053e+09  7.36128e+09    0.998745
    1.2922  7.36767e+09  7.37152e+09     1.00052
    1.2921  7.36482e+09  7.38688e+09     1.00299
     1.292  7.36197e+09  7.3664e+09      1.0006
    1.2919  7.35912e+09  7.34848e+09    0.998555
    1.2918  7.35627e+09  7.34208e+09    0.998071
    1.2917  7.35342e+09  7.34208e+09    0.998458
    1.2916  7.35056e+09  7.36896e+09      1.0025
    1.2915  7.34772e+09  7.34336e+09    0.999406
    1.2914  7.34487e+09  7.35616e+09     1.00154
    1.2913  7.34202e+09  7.3536e+09     1.00158
    1.2912  7.33918e+09   7.328e+09    0.998477
    1.2911  7.33633e+09   7.328e+09    0.998865
     1.291  7.33349e+09  7.33952e+09     1.00082
    1.2909  7.33064e+09  7.3536e+09     1.00313
    1.2908  7.32779e+09   7.328e+09     1.00003
    1.2907  7.32496e+09  7.33952e+09     1.00199
    1.2906  7.32211e+09  7.30752e+09    0.998007
    1.2905  7.31927e+09   7.328e+09     1.00119
    1.2904  7.31643e+09  7.29984e+09    0.997732
    1.2903  7.31359e+09  7.3152e+09     1.00022
    1.2902  7.31077e+09  7.31776e+09     1.00096
    1.2901  7.30792e+09  7.30752e+09    0.999945
      1.29  7.30508e+09  7.32288e+09     1.00244
    1.2899  7.30226e+09  7.28192e+09    0.997214
    1.2898  7.29943e+09  7.31264e+09     1.00181
    1.2897  7.29658e+09  7.28064e+09    0.997815
    1.2896  7.29376e+09  7.27808e+09     0.99785
    1.2895  7.29093e+09  7.32032e+09     1.00403
    1.2894  7.2881e+09  7.29216e+09     1.00056
    1.2893  7.28527e+09  7.28448e+09    0.999891
    1.2892  7.28244e+09  7.26784e+09    0.997995
    1.2891  7.27961e+09  7.28832e+09      1.0012
     1.289  7.27679e+09  7.27296e+09    0.999473
    1.2889  7.27397e+09  7.27808e+09     1.00057
    1.2888  7.27114e+09  7.29216e+09     1.00289
    1.2887  7.26831e+09  7.26272e+09     0.99923
    1.2886  7.2655e+09  7.25376e+09    0.998385
    1.2885  7.26268e+09  7.26784e+09     1.00071
    1.2884  7.25985e+09  7.26784e+09      1.0011
    1.2883  7.25703e+09  7.2576e+09     1.00008
    1.2882  7.25421e+09  7.23968e+09    0.997996
    1.2881  7.2514e+09  7.2704e+09     1.00262
     1.288  7.24859e+09  7.23456e+09    0.998065
    1.2879  7.24577e+09  7.26016e+09     1.00199
    1.2878  7.24295e+09  7.2576e+09     1.00202
    1.2877  7.24014e+09  7.23968e+09    0.999937
    1.2876  7.23732e+09  7.21536e+09    0.996965
    1.2875  7.23452e+09  7.24224e+09     1.00107
    1.2874  7.2317e+09  7.23072e+09    0.999865
    1.2873  7.22889e+09  7.25376e+09     1.00344
    1.2872  7.22608e+09  7.21152e+09    0.997985
    1.2871  7.22328e+09  7.24224e+09     1.00262
     1.287  7.22047e+09  7.19616e+09    0.996633
    1.2869  7.21766e+09  7.24608e+09     1.00394
    1.2868  7.21485e+09  7.2064e+09    0.998829
    1.2867  7.21205e+09  7.21664e+09     1.00064
    1.2866  7.20925e+09  7.18848e+09    0.997119
    1.2865  7.20644e+09  7.21792e+09     1.00159
    1.2864  7.20364e+09  7.18208e+09    0.997007
    1.2863  7.20084e+09  7.21152e+09     1.00148
    1.2862  7.19804e+09  7.21792e+09     1.00276
    1.2861  7.19523e+09  7.18208e+09    0.998172
     1.286  7.19244e+09  7.20384e+09     1.00159
    1.2859  7.18965e+09  7.18976e+09     1.00002
    1.2858  7.18685e+09  7.17568e+09    0.998446
    1.2857  7.18405e+09  7.1872e+09     1.00044
    1.2856  7.18125e+09  7.18208e+09     1.00012
    1.2855  7.17847e+09  7.18848e+09     1.00139
    1.2854  7.17567e+09  7.18208e+09     1.00089
    1.2853  7.17288e+09  7.18208e+09     1.00128
    1.2852  7.17009e+09  7.15904e+09    0.998459
    1.2851  7.1673e+09  7.16416e+09    0.999562
     1.285  7.16451e+09  7.16544e+09     1.00013
    1.2849  7.16172e+09  7.15776e+09    0.999447
    1.2848  7.15893e+09  7.16032e+09     1.00019
    1.2847  7.15615e+09   7.168e+09     1.00166
    1.2846  7.15336e+09  7.1488e+09    0.999362
    1.2845  7.15057e+09  7.1552e+09     1.00065
    1.2844  7.14779e+09  7.14496e+09    0.999604
    1.2843  7.14501e+09  7.14624e+09     1.00017
    1.2842  7.14223e+09  7.14368e+09      1.0002
    1.2841  7.13943e+09  7.15776e+09     1.00257
     1.284  7.13666e+09  7.1424e+09      1.0008
    1.2839  7.13388e+09  7.1424e+09     1.00119
    1.2838  7.1311e+09  7.10656e+09    0.996559
    1.2837  7.12833e+09  7.14624e+09     1.00251
    1.2836  7.12556e+09  7.11808e+09    0.998951
    1.2835  7.12278e+09  7.11808e+09     0.99934
    1.2834    7.12e+09  7.13856e+09     1.00261
    1.2833  7.11723e+09  7.10144e+09    0.997782
    1.2832  7.11446e+09  7.11296e+09     0.99979
    1.2831  7.11168e+09  7.10656e+09    0.999279
     1.283  7.10891e+09  7.11168e+09     1.00039
    1.2829  7.10615e+09  7.12704e+09     1.00294
    1.2828  7.10337e+09  7.0912e+09    0.998287
    1.2827  7.1006e+09  7.10016e+09    0.999937
    1.2826  7.09784e+09  7.11296e+09     1.00213
    1.2825  7.09508e+09  7.0848e+09    0.998552
    1.2824  7.09231e+09  7.08864e+09    0.999482
    1.2823  7.08954e+09  7.08096e+09     0.99879
    1.2822  7.08678e+09  7.11424e+09     1.00388
    1.2821  7.08402e+09  7.05792e+09    0.996316
     1.282  7.08126e+09  7.08992e+09     1.00122
    1.2819  7.07849e+09  7.0784e+09    0.999987
    1.2818  7.07573e+09   7.104e+09       1.004
    1.2817  7.07297e+09  7.07072e+09    0.999682
    1.2816  7.0702e+09  7.0592e+09    0.998444
    1.2815  7.06745e+09   7.072e+09     1.00064
    1.2814  7.0647e+09  7.06048e+09    0.999403
    1.2813  7.06194e+09  7.07072e+09     1.00124
    1.2812  7.05918e+09  7.07712e+09     1.00254
    1.2811  7.05643e+09  7.03232e+09    0.996583
     1.281  7.05368e+09  7.08864e+09     1.00496
    1.2809  7.05091e+09  7.03232e+09    0.997363
    1.2808  7.04817e+09  7.04896e+09     1.00011
    1.2807  7.04542e+09  7.05664e+09     1.00159
    1.2806  7.04267e+09  7.01824e+09    0.996531
    1.2805  7.03991e+09  7.02976e+09    0.998558
    1.2804  7.03718e+09   7.072e+09     1.00495
    1.2803  7.03443e+09  7.01824e+09    0.997698
    1.2802  7.03169e+09  7.0272e+09    0.999362
    1.2801  7.02894e+09  7.05408e+09     1.00358
      1.28  7.0262e+09  7.0336e+09     1.00105
    1.2799  7.02345e+09  7.00032e+09    0.996707
    1.2798  7.02071e+09  7.0464e+09     1.00366
    1.2797  7.01797e+09  6.99648e+09    0.996937
    1.2796  7.01522e+09  7.0208e+09      1.0008
    1.2795  7.01248e+09  7.02848e+09     1.00228
    1.2794  7.00975e+09  7.00288e+09     0.99902
    1.2793  7.00702e+09  6.99904e+09    0.998861
    1.2792  7.00428e+09  6.99904e+09    0.999252
    1.2791  7.00154e+09  7.0208e+09     1.00275
     1.279  6.99881e+09  6.98752e+09    0.998387
    1.2789  6.99608e+09  7.00672e+09     1.00152
    1.2788  6.99333e+09  6.99264e+09    0.999901
    1.2787  6.99061e+09  6.9952e+09     1.00066
    1.2786  6.98788e+09  6.9824e+09    0.999216
    1.2785  6.98514e+09  7.0016e+09     1.00236
    1.2784  6.98242e+09  6.97472e+09    0.998897
    1.2783  6.97968e+09  6.99776e+09     1.00259
    1.2782  6.97695e+09  6.94784e+09    0.995827
    1.2781  6.97423e+09  6.96704e+09     0.99897
     1.278  6.9715e+09  6.98752e+09      1.0023
    1.2779  6.96878e+09  6.96704e+09     0.99975
    1.2778  6.96605e+09  6.97472e+09     1.00124
    1.2777  6.96333e+09  6.97472e+09     1.00164
    1.2776  6.9606e+09  6.97856e+09     1.00258
    1.2775  6.95788e+09  6.94016e+09    0.997453
    1.2774  6.95517e+09  6.94912e+09    0.999131
    1.2773  6.95245e+09  6.95936e+09     1.00099
    1.2772  6.94973e+09  6.94528e+09    0.999359
    1.2771  6.94701e+09  6.97216e+09     1.00362
     1.277  6.94429e+09  6.93504e+09    0.998668
    1.2769  6.94157e+09  6.93376e+09    0.998875
    1.2768  6.93886e+09  6.93888e+09           1
    1.2767  6.93614e+09  6.94656e+09      1.0015
    1.2766  6.93343e+09  6.9568e+09     1.00337
    1.2765  6.93072e+09  6.89152e+09    0.994344
    1.2764   6.928e+09  6.93376e+09     1.00083
    1.2763  6.9253e+09  6.92224e+09    0.999558
    1.2762  6.92258e+09  6.91968e+09    0.999581
    1.2761  6.91988e+09  6.93376e+09     1.00201
     1.276  6.91717e+09  6.91328e+09    0.999438
    1.2759  6.91447e+09  6.9376e+09     1.00335
    1.2758  6.91175e+09  6.89408e+09    0.997443
    1.2757  6.90906e+09  6.91712e+09     1.00117
    1.2756  6.90634e+09  6.90944e+09     1.00045
    1.2755  6.90364e+09  6.90304e+09    0.999913
    1.2754  6.90093e+09  6.91072e+09     1.00142
    1.2753  6.89823e+09  6.90176e+09     1.00051
    1.2752  6.89553e+09  6.8672e+09    0.995892
    1.2751  6.89284e+09  6.91072e+09     1.00259
     1.275  6.89013e+09  6.91072e+09     1.00299
    1.2749  6.88743e+09  6.8672e+09    0.997063
    1.2748  6.88473e+09  6.8928e+09     1.00117
    1.2747  6.88204e+09  6.89536e+09     1.00194
    1.2746  6.87935e+09  6.85312e+09    0.996187
    1.2745  6.87664e+09  6.88768e+09     1.00161
    1.2744  6.87396e+09  6.88512e+09     1.00162
    1.2743  6.87126e+09  6.87232e+09     1.00015
    1.2742  6.86856e+09  6.87872e+09     1.00148
    1.2741  6.86588e+09  6.84928e+09    0.997583
     1.274  6.86319e+09  6.87616e+09     1.00189
    1.2739  6.8605e+09  6.85184e+09    0.998738
    1.2738  6.85781e+09  6.8608e+09     1.00044
    1.2737  6.85512e+09  6.87232e+09     1.00251
    1.2736  6.85243e+09  6.84032e+09    0.998233
    1.2735  6.84974e+09  6.85312e+09     1.00049
    1.2734  6.84706e+09  6.8352e+09    0.998268
    1.2733  6.84437e+09  6.85696e+09     1.00184
    1.2732  6.84169e+09  6.85056e+09      1.0013
    1.2731  6.83902e+09  6.83776e+09    0.999816
     1.273  6.83634e+09  6.82752e+09    0.998711
    1.2729  6.83365e+09  6.85056e+09     1.00247
    1.2728  6.83097e+09  6.8352e+09     1.00062
    1.2727  6.82829e+09  6.81472e+09    0.998012
    1.2726  6.82561e+09  6.82624e+09     1.00009
    1.2725  6.82295e+09  6.84544e+09      1.0033
    1.2724  6.82026e+09  6.79168e+09    0.995809
    1.2723  6.81758e+09  6.83904e+09     1.00315
    1.2722  6.81491e+09  6.78912e+09    0.996215
    1.2721  6.81223e+09  6.84288e+09      1.0045
     1.272  6.80957e+09  6.79936e+09    0.998501
    1.2719  6.80689e+09  6.81344e+09     1.00096
    1.2718  6.80422e+09  6.8032e+09     0.99985
    1.2717  6.80155e+09  6.78144e+09    0.997044
    1.2716  6.79888e+09  6.80448e+09     1.00082
    1.2715  6.79621e+09  6.8032e+09     1.00103
    1.2714  6.79353e+09  6.79936e+09     1.00086
    1.2713  6.79088e+09  6.7904e+09    0.999929
    1.2712  6.78822e+09  6.79936e+09     1.00164
    1.2711  6.78555e+09  6.80192e+09     1.00241
     1.271  6.78288e+09  6.76736e+09    0.997711
    1.2709  6.78022e+09  6.78784e+09     1.00112
    1.2708  6.77755e+09  6.78144e+09     1.00057
    1.2707  6.77489e+09  6.75584e+09    0.997188
    1.2706  6.77224e+09  6.80192e+09     1.00438
    1.2705  6.76957e+09  6.74816e+09    0.996837
    1.2704  6.7669e+09  6.76608e+09    0.999878
    1.2703  6.76426e+09  6.76096e+09    0.999513
    1.2702  6.76159e+09  6.76736e+09     1.00085
    1.2701  6.75894e+09  6.76096e+09      1.0003
      1.27  6.75628e+09  6.76608e+09     1.00145
    1.2699  6.75364e+09  6.75584e+09     1.00033
    1.2698  6.75098e+09  6.76992e+09     1.00281
    1.2697  6.74833e+09  6.73536e+09    0.998078
    1.2696  6.74568e+09  6.74176e+09    0.999419
    1.2695  6.74302e+09  6.73408e+09    0.998674
    1.2694  6.74037e+09  6.76224e+09     1.00324
    1.2693  6.73773e+09  6.75456e+09      1.0025
    1.2692  6.73507e+09  6.71872e+09    0.997572
    1.2691  6.73243e+09  6.7328e+09     1.00006
     1.269  6.72978e+09  6.72256e+09    0.998927
    1.2689  6.72713e+09  6.74048e+09     1.00199
    1.2688  6.72449e+09  6.7136e+09    0.998381
    1.2687  6.72184e+09  6.71744e+09    0.999346
    1.2686  6.71921e+09  6.7328e+09     1.00202
    1.2685  6.71656e+09  6.72512e+09     1.00128
    1.2684  6.71391e+09  6.70976e+09    0.999381
    1.2683  6.71128e+09  6.71232e+09     1.00016
    1.2682  6.70864e+09  6.72896e+09     1.00303
    1.2681  6.70599e+09  6.68288e+09    0.996553
     1.268  6.70336e+09  6.68416e+09    0.997135
    1.2679  6.70072e+09    6.72e+09     1.00288
    1.2678  6.69808e+09  6.70848e+09     1.00155
    1.2677  6.69545e+09  6.68416e+09    0.998314
    1.2676  6.69281e+09   6.688e+09    0.999281
    1.2675  6.69018e+09  6.71104e+09     1.00312
    1.2674  6.68755e+09  6.69312e+09     1.00083
    1.2673  6.68492e+09  6.68544e+09     1.00008
    1.2672  6.68229e+09  6.66112e+09    0.996831
    1.2671  6.67966e+09  6.68288e+09     1.00048
     1.267  6.67702e+09  6.68032e+09     1.00049
    1.2669  6.67439e+09  6.68544e+09     1.00166
    1.2668  6.67177e+09  6.66624e+09    0.999171
    1.2667  6.66915e+09  6.68416e+09     1.00225
    1.2666  6.66652e+09  6.66752e+09     1.00015
    1.2665  6.6639e+09  6.65728e+09    0.999007
    1.2664  6.66127e+09  6.6688e+09     1.00113
    1.2663  6.65865e+09  6.65728e+09    0.999795
    1.2662  6.65603e+09  6.64192e+09    0.997881
    1.2661  6.6534e+09  6.67648e+09     1.00347
     1.266  6.65078e+09  6.64064e+09    0.998475
    1.2659  6.64817e+09  6.64832e+09     1.00002
    1.2658  6.64554e+09  6.65216e+09       1.001
    1.2657  6.64293e+09  6.64704e+09     1.00062
    1.2656  6.64032e+09  6.62144e+09    0.997157
    1.2655  6.6377e+09  6.64832e+09      1.0016
    1.2654  6.63508e+09  6.63936e+09     1.00065
    1.2653  6.63246e+09   6.624e+09    0.998724
    1.2652  6.62985e+09  6.65216e+09     1.00336
    1.2651  6.62724e+09  6.62144e+09    0.999125
     1.265  6.62462e+09  6.62784e+09     1.00049
    1.2649  6.62201e+09  6.62016e+09     0.99972
    1.2648  6.61941e+09   6.624e+09     1.00069
    1.2647  6.61679e+09  6.61888e+09     1.00032
    1.2646  6.61419e+09  6.60736e+09    0.998968
    1.2645  6.61159e+09  6.60992e+09    0.999748
    1.2644  6.60897e+09  6.62784e+09     1.00285
    1.2643  6.60637e+09  6.60608e+09    0.999957
    1.2642  6.60377e+09  6.58816e+09    0.997637
    1.2641  6.60116e+09  6.60736e+09     1.00094
     1.264  6.59855e+09  6.58304e+09    0.997649
    1.2639  6.59595e+09  6.63168e+09     1.00542
    1.2638  6.59335e+09  6.58944e+09    0.999406
    1.2637  6.59075e+09  6.58048e+09    0.998442
    1.2636  6.58815e+09   6.592e+09     1.00058
    1.2635  6.58555e+09   6.592e+09     1.00098
    1.2634  6.58295e+09  6.58816e+09     1.00079
    1.2633  6.58035e+09  6.57792e+09     0.99963
    1.2632  6.57776e+09  6.55488e+09    0.996522
    1.2631  6.57516e+09  6.5984e+09     1.00353
     1.263  6.57257e+09  6.55872e+09    0.997893
    1.2629  6.56997e+09  6.6048e+09      1.0053
    1.2628  6.56737e+09  6.53184e+09    0.994589
    1.2627  6.56479e+09  6.58176e+09     1.00258
    1.2626  6.5622e+09  6.55104e+09    0.998299
    1.2625  6.5596e+09  6.57152e+09     1.00182
    1.2624  6.55702e+09  6.55488e+09    0.999674
    1.2623  6.55443e+09  6.55104e+09    0.999483
    1.2622  6.55184e+09  6.57024e+09     1.00281
    1.2621  6.54925e+09  6.5216e+09    0.995778
     1.262  6.54668e+09  6.57536e+09     1.00438
    1.2619  6.54409e+09  6.54464e+09     1.00008
    1.2618  6.54149e+09  6.54976e+09     1.00126
    1.2617  6.53892e+09  6.53952e+09     1.00009
    1.2616  6.53633e+09  6.53568e+09    0.999901
    1.2615  6.53375e+09  6.53568e+09      1.0003
    1.2614  6.53117e+09  6.50752e+09    0.996379
    1.2613  6.52859e+09  6.53824e+09     1.00148
    1.2612   6.526e+09  6.53184e+09     1.00089
    1.2611  6.52342e+09  6.53056e+09     1.00109
     1.261  6.52085e+09  6.51904e+09    0.999722
    1.2609  6.51827e+09  6.52672e+09      1.0013
    1.2608  6.5157e+09  6.50496e+09    0.998352
    1.2607  6.51312e+09  6.52032e+09     1.00111
    1.2606  6.51055e+09  6.50752e+09    0.999535
    1.2605  6.50798e+09  6.51776e+09      1.0015
    1.2604  6.5054e+09  6.51264e+09     1.00111
    1.2603  6.50283e+09  6.48832e+09    0.997768
    1.2602  6.50026e+09  6.50624e+09     1.00092
    1.2601  6.49769e+09  6.49984e+09     1.00033
      1.26  6.49512e+09  6.5024e+09     1.00112
    1.2599  6.49255e+09  6.48704e+09    0.999151
    1.2598  6.48999e+09  6.46784e+09    0.996587
    1.2597  6.48742e+09  6.49344e+09     1.00093
    1.2596  6.48485e+09  6.49856e+09     1.00211
    1.2595  6.48229e+09  6.47424e+09    0.998758
    1.2594  6.47972e+09  6.5024e+09      1.0035
    1.2593  6.47716e+09   6.464e+09    0.997968
    1.2592  6.47461e+09  6.47296e+09    0.999746
    1.2591  6.47204e+09  6.49728e+09      1.0039
     1.259  6.46948e+09  6.43712e+09    0.994998
    1.2589  6.46692e+09  6.46528e+09    0.999747
    1.2588  6.46437e+09  6.48192e+09     1.00271
    1.2587  6.46181e+09  6.45632e+09    0.999151
    1.2586  6.45925e+09  6.48704e+09      1.0043
    1.2585  6.4567e+09   6.432e+09    0.996175
    1.2584  6.45414e+09  6.45376e+09    0.999942
    1.2583  6.45158e+09  6.48064e+09      1.0045
    1.2582  6.44902e+09  6.44224e+09    0.998948
    1.2581  6.44648e+09  6.43584e+09     0.99835
     1.258  6.44392e+09  6.43712e+09    0.998944
    1.2579  6.44137e+09  6.45248e+09     1.00173
    1.2578  6.43882e+09  6.44224e+09     1.00053
    1.2577  6.43627e+09  6.45888e+09     1.00351
    1.2576  6.43372e+09  6.4064e+09    0.995753
    1.2575  6.43118e+09  6.4384e+09     1.00112
    1.2574  6.42862e+09  6.4384e+09     1.00152
    1.2573  6.42608e+09  6.42944e+09     1.00052
    1.2572  6.42353e+09  6.41024e+09     0.99793
    1.2571  6.42099e+09  6.41536e+09    0.999124
     1.257  6.41845e+09  6.4384e+09     1.00311
    1.2569  6.41591e+09  6.41408e+09    0.999715
    1.2568  6.41336e+09  6.41024e+09    0.999513
    1.2567  6.41082e+09  6.42432e+09     1.00211
    1.2566  6.40828e+09  6.40384e+09    0.999307
    1.2565  6.40574e+09  6.41024e+09      1.0007
    1.2564  6.4032e+09  6.39616e+09      0.9989
    1.2563  6.40067e+09  6.39616e+09    0.999296
    1.2562  6.39813e+09  6.40384e+09     1.00089
    1.2561  6.3956e+09  6.4064e+09     1.00169
     1.256  6.39306e+09  6.39872e+09     1.00089
    1.2559  6.39052e+09  6.37952e+09    0.998278
    1.2558  6.38799e+09  6.38976e+09     1.00028
    1.2557  6.38545e+09  6.3808e+09    0.999272
    1.2556  6.38292e+09  6.38848e+09     1.00087
    1.2555  6.38039e+09  6.3744e+09    0.999061
    1.2554  6.37787e+09  6.37696e+09    0.999858
    1.2553  6.37534e+09  6.37952e+09     1.00066
    1.2552  6.3728e+09  6.37952e+09     1.00105
    1.2551  6.37027e+09  6.37824e+09     1.00125
     1.255  6.36775e+09  6.36928e+09     1.00024
    1.2549  6.36523e+09  6.36928e+09     1.00064
    1.2548  6.3627e+09  6.34752e+09    0.997615
    1.2547  6.36018e+09  6.37312e+09     1.00203
    1.2546  6.35766e+09  6.34368e+09    0.997801
    1.2545  6.35513e+09  6.36416e+09     1.00142
    1.2544  6.35261e+09  6.3552e+09     1.00041
    1.2543  6.35009e+09  6.3488e+09    0.999797
    1.2542  6.34757e+09  6.37184e+09     1.00382
    1.2541  6.34504e+09  6.31808e+09     0.99575
     1.254  6.34253e+09  6.37184e+09     1.00462
    1.2539  6.34002e+09  6.32192e+09    0.997145
    1.2538  6.3375e+09  6.32448e+09    0.997946
    1.2537  6.33498e+09  6.35008e+09     1.00238
    1.2536  6.33246e+09  6.3232e+09    0.998537
    1.2535  6.32996e+09  6.3232e+09    0.998933
    1.2534  6.32744e+09  6.35136e+09     1.00378
    1.2533  6.32492e+09  6.31552e+09    0.998513
    1.2532  6.32241e+09  6.33856e+09     1.00255
    1.2531  6.31991e+09  6.31296e+09    0.998901
     1.253  6.31738e+09  6.32064e+09     1.00052
    1.2529  6.31488e+09  6.31808e+09     1.00051
    1.2528  6.31237e+09  6.32064e+09     1.00131
    1.2527  6.30986e+09  6.32064e+09     1.00171
    1.2526  6.30737e+09  6.29376e+09    0.997843
    1.2525  6.30485e+09  6.3104e+09     1.00088
    1.2524  6.30235e+09  6.30528e+09     1.00047
    1.2523  6.29984e+09  6.31296e+09     1.00208
    1.2522  6.29734e+09  6.31168e+09     1.00228
    1.2521  6.29484e+09  6.26944e+09    0.995964
     1.252  6.29234e+09  6.29504e+09     1.00043
    1.2519  6.28984e+09  6.27968e+09    0.998385
    1.2518  6.28734e+09  6.30144e+09     1.00224
    1.2517  6.28483e+09  6.2784e+09    0.998977
    1.2516  6.28234e+09  6.26816e+09    0.997742
    1.2515  6.27984e+09  6.29632e+09     1.00262
    1.2514  6.27735e+09  6.26944e+09     0.99874
    1.2513  6.27485e+09  6.27328e+09    0.999749
    1.2512  6.27236e+09  6.28224e+09     1.00158
    1.2511  6.26987e+09  6.26816e+09    0.999728
     1.251  6.26737e+09  6.28096e+09     1.00217
    1.2509  6.26488e+09  6.25536e+09    0.998481
    1.2508  6.26238e+09  6.2848e+09     1.00358
    1.2507  6.25989e+09  6.23872e+09    0.996618
    1.2506  6.25741e+09  6.25536e+09    0.999673
    1.2505  6.25492e+09  6.26688e+09     1.00191
    1.2504  6.25243e+09  6.25664e+09     1.00067
    1.2503  6.24993e+09  6.26304e+09      1.0021
    1.2502  6.24745e+09  6.24128e+09    0.999012
    1.2501  6.24497e+09  6.23744e+09    0.998795
      1.25  6.24248e+09  6.24768e+09     1.00083
    1.2499  6.23999e+09  6.23744e+09    0.999592
    1.2498  6.23751e+09  6.24128e+09      1.0006
    1.2497  6.23504e+09  6.22848e+09    0.998948
    1.2496  6.23255e+09  6.23744e+09     1.00078
    1.2495  6.23006e+09  6.23616e+09     1.00098
    1.2494  6.22759e+09  6.21696e+09    0.998294
    1.2493  6.2251e+09  6.21952e+09    0.999103
    1.2492  6.22263e+09  6.24256e+09      1.0032
    1.2491  6.22016e+09  6.22464e+09     1.00072
     1.249  6.21767e+09   6.208e+09    0.998445
    1.2489  6.21521e+09  6.21952e+09     1.00069
    1.2488  6.21273e+09  6.21952e+09     1.00109
    1.2487  6.21025e+09  6.18496e+09    0.995928
    1.2486  6.20778e+09  6.22592e+09     1.00292
    1.2485  6.2053e+09  6.19392e+09    0.998166
    1.2484  6.20283e+09  6.21056e+09     1.00125
    1.2483  6.20036e+09  6.2016e+09      1.0002
    1.2482  6.1979e+09  6.20672e+09     1.00142
    1.2481  6.19542e+09  6.20672e+09     1.00182
     1.248  6.19295e+09  6.19392e+09     1.00016
    1.2479  6.19048e+09  6.17984e+09    0.998281
    1.2478  6.18802e+09  6.18112e+09    0.998885
    1.2477  6.18555e+09  6.19648e+09     1.00177
    1.2476  6.1831e+09  6.18624e+09     1.00051
    1.2475  6.18062e+09  6.17472e+09    0.999045
    1.2474  6.17816e+09  6.17984e+09     1.00027
    1.2473  6.17569e+09  6.19264e+09     1.00274
    1.2472  6.17323e+09  6.1696e+09    0.999412
    1.2471  6.17077e+09  6.15296e+09    0.997113
     1.247  6.16831e+09  6.17344e+09     1.00083
    1.2469  6.16585e+09  6.18112e+09     1.00248
    1.2468  6.16339e+09  6.1696e+09     1.00101
    1.2467  6.16093e+09  6.16192e+09     1.00016
    1.2466  6.15848e+09  6.13632e+09    0.996402
    1.2465  6.15602e+09  6.16704e+09     1.00179
    1.2464  6.15357e+09  6.17472e+09     1.00344
    1.2463  6.15112e+09  6.1376e+09    0.997802
    1.2462  6.14866e+09  6.15168e+09     1.00049
    1.2461  6.14621e+09  6.15296e+09      1.0011
     1.246  6.14375e+09  6.14144e+09    0.999624
    1.2459  6.1413e+09  6.14528e+09     1.00065
    1.2458  6.13885e+09  6.1184e+09    0.996669
    1.2457  6.1364e+09  6.15808e+09     1.00353
    1.2456  6.13395e+09  6.1248e+09    0.998508
    1.2455  6.1315e+09  6.12864e+09    0.999533
    1.2454  6.12907e+09  6.13376e+09     1.00077
    1.2453  6.12661e+09  6.12608e+09    0.999913
    1.2452  6.12417e+09  6.13248e+09     1.00136
    1.2451  6.12173e+09  6.11968e+09    0.999666
     1.245  6.11928e+09  6.1056e+09    0.997764
    1.2449  6.11684e+09  6.14144e+09     1.00402
    1.2448  6.1144e+09  6.10048e+09    0.997723
    1.2447  6.11195e+09   6.112e+09     1.00001
    1.2446  6.10951e+09   6.112e+09     1.00041
    1.2445  6.10707e+09   6.112e+09     1.00081
    1.2444  6.10463e+09  6.10688e+09     1.00037
    1.2443  6.1022e+09  6.09664e+09    0.999089
    1.2442  6.09976e+09  6.10432e+09     1.00075
    1.2441  6.09732e+09  6.10176e+09     1.00073
     1.244  6.09488e+09  6.10176e+09     1.00113
    1.2439  6.09245e+09  6.08512e+09    0.998797
    1.2438  6.09001e+09  6.1056e+09     1.00256
    1.2437  6.08758e+09  6.08128e+09    0.998965
    1.2436  6.08515e+09  6.10048e+09     1.00252
    1.2435  6.08272e+09    6.08e+09    0.999554
    1.2434  6.08028e+09  6.0544e+09    0.995744
    1.2433  6.07786e+09  6.0736e+09      0.9993
    1.2432  6.07543e+09  6.09152e+09     1.00265
    1.2431   6.073e+09  6.07744e+09     1.00073
     1.243  6.07057e+09  6.09664e+09     1.00429
    1.2429  6.06814e+09   6.048e+09    0.996681
    1.2428  6.06571e+09  6.06592e+09     1.00003
    1.2427  6.06329e+09  6.0736e+09      1.0017
    1.2426  6.06087e+09  6.04928e+09    0.998087
    1.2425  6.05845e+09  6.07232e+09     1.00229
    1.2424  6.05603e+09  6.04928e+09    0.998885
    1.2423  6.0536e+09  6.05312e+09    0.999921
    1.2422  6.05118e+09  6.0544e+09     1.00053
    1.2421  6.04876e+09  6.04416e+09     0.99924
     1.242  6.04634e+09  6.05184e+09     1.00091
    1.2419  6.04392e+09  6.04416e+09     1.00004
    1.2418  6.0415e+09  6.04672e+09     1.00086
    1.2417  6.03909e+09  6.04288e+09     1.00063
    1.2416  6.03667e+09  6.04544e+09     1.00145
    1.2415  6.03426e+09  6.03008e+09    0.999308
    1.2414  6.03183e+09   6.016e+09    0.997375
    1.2413  6.02942e+09  6.02112e+09    0.998623
    1.2412  6.02702e+09  6.03264e+09     1.00093
    1.2411  6.0246e+09  6.05312e+09     1.00473
     1.241  6.02218e+09  6.00448e+09     0.99706
    1.2409  6.01978e+09  6.03136e+09     1.00192
    1.2408  6.01737e+09  6.01856e+09      1.0002
    1.2407  6.01495e+09  6.0224e+09     1.00124
    1.2406  6.01255e+09  5.99552e+09    0.997168
    1.2405  6.01015e+09  6.01472e+09     1.00076
    1.2404  6.00774e+09  6.0224e+09     1.00244
    1.2403  6.00534e+09  5.99552e+09    0.998365
    1.2402  6.00293e+09  6.01472e+09     1.00196
    1.2401  6.00053e+09   5.984e+09    0.997246
      1.24  5.99812e+09  6.01088e+09     1.00213
    1.2399  5.99571e+09  5.98912e+09      0.9989
    1.2398  5.99332e+09  5.99168e+09    0.999727
    1.2397  5.99092e+09  6.00576e+09     1.00248
    1.2396  5.98852e+09  5.97632e+09    0.997963
    1.2395  5.98611e+09  5.99552e+09     1.00157
    1.2394  5.98371e+09  5.98144e+09     0.99962
    1.2393  5.98131e+09  5.98784e+09     1.00109
    1.2392  5.97892e+09  5.98784e+09     1.00149
    1.2391  5.97652e+09  5.96352e+09    0.997824
     1.239  5.97413e+09  5.98656e+09     1.00208
    1.2389  5.97174e+09  5.97376e+09     1.00034
    1.2388  5.96934e+09  5.9648e+09     0.99924
    1.2387  5.96695e+09  5.95456e+09    0.997923
    1.2386  5.96456e+09  5.96864e+09     1.00068
    1.2385  5.96217e+09  5.96608e+09     1.00066
    1.2384  5.95978e+09  5.94816e+09     0.99805
    1.2383  5.95738e+09  5.96608e+09     1.00146
    1.2382   5.955e+09  5.9712e+09     1.00272
    1.2381  5.95261e+09  5.95456e+09     1.00033
     1.238  5.95023e+09  5.92384e+09    0.995564
    1.2379  5.94784e+09  5.96608e+09     1.00307
    1.2378  5.94546e+09  5.95968e+09     1.00239
    1.2377  5.94307e+09  5.92896e+09    0.997626
    1.2376  5.94068e+09  5.93792e+09    0.999535
    1.2375  5.9383e+09  5.93792e+09    0.999936
    1.2374  5.93592e+09  5.95456e+09     1.00314
    1.2373  5.93354e+09  5.93408e+09     1.00009
    1.2372  5.93116e+09  5.93024e+09    0.999846
    1.2371  5.92877e+09  5.92512e+09    0.999384
     1.237  5.92639e+09  5.91232e+09    0.997625
    1.2369  5.92401e+09  5.93792e+09     1.00235
    1.2368  5.92164e+09  5.9264e+09      1.0008
    1.2367  5.91926e+09  5.90464e+09    0.997529
    1.2366  5.91689e+09  5.92896e+09     1.00204
    1.2365  5.91451e+09  5.94304e+09     1.00482
    1.2364  5.91214e+09  5.8944e+09    0.996999
    1.2363  5.90977e+09    5.92e+09     1.00173
    1.2362  5.90739e+09  5.90208e+09    0.999101
    1.2361  5.90502e+09  5.90208e+09    0.999502
     1.236  5.90265e+09  5.89824e+09    0.999252
    1.2359  5.90028e+09  5.90336e+09     1.00052
    1.2358  5.89791e+09  5.91488e+09     1.00288
    1.2357  5.89554e+09  5.89568e+09     1.00002
    1.2356  5.89317e+09  5.88928e+09    0.999339
    1.2355  5.8908e+09  5.88416e+09    0.998872
    1.2354  5.88844e+09  5.89696e+09     1.00145
    1.2353  5.88608e+09  5.87904e+09    0.998804
    1.2352  5.88371e+09  5.88416e+09     1.00008
    1.2351  5.88135e+09  5.87648e+09    0.999172
     1.235  5.87898e+09  5.89568e+09     1.00284
    1.2349  5.87662e+09  5.8816e+09     1.00085
    1.2348  5.87426e+09  5.8816e+09     1.00125
    1.2347  5.8719e+09  5.85344e+09    0.996856
    1.2346  5.86953e+09  5.88032e+09     1.00184
    1.2345  5.86717e+09  5.87648e+09     1.00159
    1.2344  5.86482e+09  5.84832e+09    0.997187
    1.2343  5.86246e+09  5.85984e+09    0.999553
    1.2342  5.8601e+09  5.8816e+09     1.00367
    1.2341  5.85775e+09  5.85216e+09    0.999046
     1.234  5.85539e+09  5.85728e+09     1.00032
    1.2339  5.85304e+09  5.85472e+09     1.00029
    1.2338  5.85068e+09  5.84064e+09    0.998283
    1.2337  5.84833e+09  5.85728e+09     1.00153
    1.2336  5.84598e+09  5.8496e+09     1.00062
    1.2335  5.84362e+09  5.8432e+09    0.999927
    1.2334  5.84128e+09  5.83552e+09    0.999014
    1.2333  5.83893e+09  5.86368e+09     1.00424
    1.2332  5.83658e+09  5.81248e+09    0.995871
    1.2331  5.83423e+09  5.8496e+09     1.00263
     1.233  5.83188e+09  5.8304e+09    0.999745
    1.2329  5.82953e+09  5.8304e+09     1.00015
    1.2328  5.82719e+09  5.82144e+09    0.999014
    1.2327  5.82484e+09  5.83168e+09     1.00117
    1.2326  5.8225e+09  5.82912e+09     1.00114
    1.2325  5.82016e+09  5.81632e+09    0.999341
    1.2324  5.81781e+09  5.8176e+09    0.999964
    1.2323  5.81547e+09  5.81504e+09    0.999925
    1.2322  5.81313e+09  5.80992e+09    0.999448
    1.2321  5.81079e+09  5.82016e+09     1.00161
     1.232  5.80845e+09  5.78944e+09    0.996727
    1.2319  5.80612e+09  5.81504e+09     1.00154
    1.2318  5.80378e+09  5.81632e+09     1.00216
    1.2317  5.80144e+09  5.78688e+09    0.997491
    1.2316  5.7991e+09  5.81248e+09     1.00231
    1.2315  5.79677e+09  5.78048e+09     0.99719
    1.2314  5.79443e+09  5.81376e+09     1.00334
    1.2313  5.7921e+09  5.7984e+09     1.00109
    1.2312  5.78976e+09  5.78304e+09    0.998839
    1.2311  5.78744e+09   5.792e+09     1.00079
     1.231  5.7851e+09  5.7792e+09    0.998979
    1.2309  5.78277e+09  5.78944e+09     1.00115
    1.2308  5.78044e+09  5.78816e+09     1.00134
    1.2307  5.77811e+09  5.77664e+09    0.999745
    1.2306  5.77578e+09  5.77536e+09    0.999927
    1.2305  5.77346e+09  5.75744e+09    0.997225
    1.2304  5.77112e+09  5.77536e+09     1.00073
    1.2303  5.76881e+09  5.77664e+09     1.00136
    1.2302  5.76647e+09  5.77152e+09     1.00088
    1.2301  5.76415e+09  5.77536e+09     1.00194
      1.23  5.76182e+09  5.76768e+09     1.00102
    1.2299  5.7595e+09  5.73824e+09    0.996308
    1.2298  5.75718e+09  5.78048e+09     1.00405
    1.2297  5.75486e+09  5.73696e+09     0.99689
    1.2296  5.75255e+09  5.76384e+09     1.00196
    1.2295  5.75022e+09  5.73952e+09    0.998139
    1.2294  5.7479e+09  5.74848e+09      1.0001
    1.2293  5.74558e+09  5.75488e+09     1.00162
    1.2292  5.74327e+09  5.7344e+09    0.998456
    1.2291  5.74096e+09  5.74592e+09     1.00086
     1.229  5.73864e+09  5.75488e+09     1.00283
    1.2289  5.73632e+09  5.72544e+09    0.998103
    1.2288   5.734e+09  5.72672e+09     0.99873
    1.2287  5.73169e+09  5.73824e+09     1.00114
    1.2286  5.72937e+09  5.73824e+09     1.00155
    1.2285  5.72707e+09  5.71648e+09     0.99815
    1.2284  5.72476e+09  5.73184e+09     1.00124
    1.2283  5.72245e+09  5.73568e+09     1.00231
    1.2282  5.72013e+09  5.72416e+09      1.0007
    1.2281  5.71783e+09  5.71392e+09    0.999317
     1.228  5.71553e+09  5.71008e+09    0.999047
    1.2279  5.71322e+09  5.71008e+09    0.999451
    1.2278  5.71091e+09  5.7152e+09     1.00075
    1.2277  5.7086e+09  5.7152e+09     1.00116
    1.2276  5.70629e+09  5.70368e+09    0.999543
    1.2275  5.70398e+09  5.68448e+09    0.996581
    1.2274  5.70169e+09  5.7088e+09     1.00125
    1.2273  5.69939e+09  5.71392e+09     1.00255
    1.2272  5.69708e+09  5.6768e+09     0.99644
    1.2271  5.69479e+09  5.69856e+09     1.00066
     1.227  5.69249e+09  5.70624e+09     1.00242
    1.2269  5.69019e+09  5.70496e+09      1.0026
    1.2268  5.68788e+09  5.67552e+09    0.997826
    1.2267  5.68559e+09  5.68704e+09     1.00025
    1.2266  5.68329e+09  5.68704e+09     1.00066
    1.2265  5.68099e+09  5.67936e+09    0.999712
    1.2264  5.67869e+09  5.69344e+09      1.0026
    1.2263  5.6764e+09  5.6832e+09      1.0012
    1.2262  5.67411e+09  5.66272e+09    0.997992
    1.2261  5.67182e+09  5.6704e+09     0.99975
     1.226  5.66952e+09  5.66528e+09    0.999252
    1.2259  5.66723e+09  5.67936e+09     1.00214
    1.2258  5.66494e+09  5.66528e+09     1.00006
    1.2257  5.66265e+09  5.6576e+09    0.999108
    1.2256  5.66036e+09  5.68064e+09     1.00358
    1.2255  5.65807e+09  5.64224e+09    0.997202
    1.2254  5.65578e+09  5.65376e+09    0.999642
    1.2253  5.65349e+09  5.6448e+09    0.998463
    1.2252  5.65121e+09  5.66144e+09     1.00181
    1.2251  5.64893e+09  5.65504e+09     1.00108
     1.225  5.64665e+09  5.6512e+09     1.00081
    1.2249  5.64436e+09  5.63328e+09    0.998038
    1.2248  5.64207e+09  5.65376e+09     1.00207
    1.2247  5.63979e+09  5.63968e+09     0.99998
    1.2246  5.6375e+09  5.6384e+09     1.00016
    1.2245  5.63523e+09  5.64096e+09     1.00102
    1.2244  5.63295e+09  5.62176e+09    0.998013
    1.2243  5.63066e+09  5.65888e+09     1.00501
    1.2242  5.62838e+09  5.59872e+09     0.99473
    1.2241  5.62611e+09  5.6384e+09     1.00218
     1.224  5.62384e+09   5.632e+09     1.00145
    1.2239  5.62156e+09  5.61792e+09    0.999353
    1.2238  5.61928e+09  5.63072e+09     1.00204
    1.2237   5.617e+09  5.61152e+09    0.999024
    1.2236  5.61474e+09  5.60128e+09    0.997603
    1.2235  5.61246e+09  5.62688e+09     1.00257
    1.2234  5.61019e+09  5.62432e+09     1.00252
    1.2233  5.60791e+09  5.58336e+09    0.995622
    1.2232  5.60565e+09  5.6256e+09     1.00356
    1.2231  5.60338e+09  5.59616e+09    0.998712
     1.223  5.60111e+09  5.59744e+09    0.999344
    1.2229  5.59884e+09  5.60896e+09     1.00181
    1.2228  5.59657e+09  5.57824e+09    0.996725
    1.2227  5.5943e+09  5.60896e+09     1.00262
    1.2226  5.59203e+09  5.59744e+09     1.00097
    1.2225  5.58977e+09  5.5808e+09    0.998395
    1.2224  5.5875e+09  5.60128e+09     1.00247
    1.2223  5.58524e+09  5.58336e+09    0.999663
    1.2222  5.58298e+09  5.58208e+09    0.999839
    1.2221  5.58071e+09  5.58208e+09     1.00025
     1.222  5.57845e+09  5.57312e+09    0.999044
    1.2219  5.5762e+09  5.57824e+09     1.00037
    1.2218  5.57394e+09  5.5808e+09     1.00123
    1.2217  5.57169e+09   5.568e+09    0.999338
    1.2216  5.56942e+09  5.57312e+09     1.00066
    1.2215  5.56716e+09  5.57824e+09     1.00199
    1.2214  5.56491e+09  5.53728e+09    0.995036
    1.2213  5.56265e+09  5.57824e+09      1.0028
    1.2212  5.56039e+09  5.56416e+09     1.00068
    1.2211  5.55813e+09  5.55136e+09    0.998782
     1.221  5.55589e+09  5.56416e+09     1.00149
    1.2209  5.55363e+09  5.55904e+09     1.00097
    1.2208  5.55139e+09  5.56672e+09     1.00276
    1.2207  5.54913e+09  5.54752e+09     0.99971
    1.2206  5.54688e+09  5.53728e+09    0.998269
    1.2205  5.54462e+09  5.54112e+09    0.999368
    1.2204  5.54238e+09  5.55136e+09     1.00162
    1.2203  5.54013e+09   5.536e+09    0.999255
    1.2202  5.53788e+09  5.54368e+09     1.00105
    1.2201  5.53563e+09  5.55008e+09     1.00261
      1.22  5.53339e+09  5.52832e+09    0.999085
    1.2199  5.53114e+09  5.5232e+09    0.998565
    1.2198  5.5289e+09  5.52576e+09    0.999432
    1.2197  5.52665e+09  5.53984e+09     1.00239
    1.2196  5.52441e+09  5.51552e+09    0.998391
    1.2195  5.52217e+09  5.50912e+09    0.997637
    1.2194  5.51992e+09  5.53472e+09     1.00268
    1.2193  5.51769e+09  5.49632e+09    0.996127
    1.2192  5.51545e+09  5.54112e+09     1.00466
    1.2191  5.5132e+09  5.49888e+09    0.997402
     1.219  5.51096e+09  5.52448e+09     1.00245
    1.2189  5.50873e+09  5.51424e+09       1.001
    1.2188  5.5065e+09   5.504e+09    0.999547
    1.2187  5.50426e+09  5.49504e+09    0.998326
    1.2186  5.50202e+09  5.49632e+09    0.998964
    1.2185  5.49978e+09  5.51424e+09     1.00263
    1.2184  5.49754e+09  5.49632e+09    0.999777
    1.2183  5.49533e+09  5.50528e+09     1.00181
    1.2182  5.49309e+09  5.48736e+09    0.998958
    1.2181  5.49086e+09  5.48352e+09    0.998664
     1.218  5.48862e+09  5.50016e+09      1.0021
    1.2179  5.48639e+09  5.48096e+09    0.999011
    1.2178  5.48417e+09  5.49376e+09     1.00175
    1.2177  5.48193e+09  5.48096e+09    0.999822
    1.2176  5.47971e+09  5.47072e+09     0.99836
    1.2175  5.47748e+09  5.47584e+09      0.9997
    1.2174  5.47525e+09  5.48608e+09     1.00198
    1.2173  5.47303e+09  5.48096e+09     1.00145
    1.2172  5.4708e+09  5.45536e+09    0.997178
    1.2171  5.46858e+09  5.48608e+09      1.0032
     1.217  5.46635e+09  5.47072e+09      1.0008
    1.2169  5.46413e+09   5.472e+09     1.00144
    1.2168  5.4619e+09  5.46304e+09     1.00021
    1.2167  5.45968e+09  5.4528e+09     0.99874
    1.2166  5.45746e+09  5.46432e+09     1.00126
    1.2165  5.45524e+09  5.46432e+09     1.00166
    1.2164  5.45303e+09  5.44128e+09    0.997846
    1.2163  5.45081e+09  5.44896e+09    0.999661
    1.2162  5.44859e+09  5.4592e+09     1.00195
    1.2161  5.44638e+09  5.44384e+09    0.999534
     1.216  5.44416e+09  5.4464e+09     1.00041
    1.2159  5.44194e+09  5.42592e+09    0.997056
    1.2158  5.43973e+09  5.44768e+09     1.00146
    1.2157  5.43752e+09    5.44e+09     1.00046
    1.2156  5.4353e+09  5.43872e+09     1.00063
    1.2155  5.43309e+09  5.42208e+09    0.997974
    1.2154  5.43088e+09  5.44384e+09     1.00239
    1.2153  5.42866e+09  5.43872e+09     1.00185
    1.2152  5.42646e+09  5.4272e+09     1.00014
    1.2151  5.42425e+09  5.41056e+09    0.997476
     1.215  5.42204e+09  5.4272e+09     1.00095
    1.2149  5.41983e+09  5.4272e+09     1.00136
    1.2148  5.41762e+09  5.42464e+09      1.0013
    1.2147  5.41542e+09  5.40032e+09    0.997211
    1.2146  5.41322e+09  5.41824e+09     1.00093
    1.2145  5.41101e+09  5.40928e+09     0.99968
    1.2144  5.4088e+09  5.4208e+09     1.00222
    1.2143  5.4066e+09  5.40416e+09    0.999548
    1.2142  5.4044e+09  5.39648e+09    0.998534
    1.2141  5.4022e+09  5.40288e+09     1.00013
     1.214     5.4e+09  5.4016e+09      1.0003
    1.2139  5.39781e+09  5.38624e+09    0.997857
    1.2138  5.3956e+09  5.41312e+09     1.00325
    1.2137  5.3934e+09  5.38368e+09    0.998198
    1.2136  5.3912e+09  5.40032e+09     1.00169
    1.2135   5.389e+09  5.38624e+09    0.999487
    1.2134  5.38681e+09  5.40032e+09     1.00251
    1.2133  5.38461e+09  5.38752e+09     1.00054
    1.2132  5.38242e+09  5.37984e+09    0.999521
    1.2131  5.38023e+09  5.37344e+09    0.998738
     1.213  5.37802e+09  5.37472e+09    0.999385
    1.2129  5.37584e+09  5.3888e+09     1.00241
    1.2128  5.37365e+09  5.36448e+09    0.998294
    1.2127  5.37146e+09  5.38368e+09     1.00228
    1.2126  5.36927e+09  5.3632e+09     0.99887
    1.2125  5.36707e+09  5.37344e+09     1.00119
    1.2124  5.36488e+09  5.36448e+09    0.999925
    1.2123  5.3627e+09  5.3696e+09     1.00129
    1.2122  5.36051e+09  5.35424e+09     0.99883
    1.2121  5.35833e+09  5.36704e+09     1.00163
     1.212  5.35614e+09  5.37344e+09     1.00323
    1.2119  5.35396e+09  5.34016e+09    0.997423
    1.2118  5.35178e+09  5.3376e+09     0.99735
    1.2117  5.34959e+09  5.36832e+09      1.0035
    1.2116  5.34741e+09   5.344e+09    0.999363
    1.2115  5.34521e+09  5.3504e+09     1.00097
    1.2114  5.34304e+09  5.33888e+09    0.999222
    1.2113  5.34086e+09  5.35552e+09     1.00275
    1.2112  5.33868e+09  5.32224e+09    0.996921
    1.2111  5.3365e+09  5.34016e+09     1.00069
     1.211  5.33432e+09  5.33888e+09     1.00086
    1.2109  5.33214e+09  5.33504e+09     1.00054
    1.2108  5.32996e+09  5.32736e+09    0.999511
    1.2107  5.32779e+09  5.31456e+09    0.997518
    1.2106  5.32561e+09  5.32736e+09     1.00033
    1.2105  5.32344e+09  5.3248e+09     1.00025
    1.2104  5.32127e+09  5.3184e+09    0.999461
    1.2103  5.31909e+09  5.32864e+09     1.00179
    1.2102  5.31692e+09  5.32992e+09     1.00245
    1.2101  5.31474e+09   5.312e+09    0.999484
      1.21  5.31257e+09  5.3184e+09      1.0011
    1.2099  5.31041e+09  5.31328e+09     1.00054
    1.2098  5.30823e+09  5.29152e+09    0.996852
    1.2097  5.30607e+09  5.31584e+09     1.00184
    1.2096  5.3039e+09  5.3056e+09     1.00032
    1.2095  5.30173e+09  5.30048e+09    0.999764
    1.2094  5.29957e+09  5.30048e+09     1.00017
    1.2093  5.2974e+09  5.31072e+09     1.00251
    1.2092  5.29523e+09  5.29408e+09    0.999782
    1.2091  5.29307e+09  5.28768e+09    0.998981
     1.209  5.2909e+09  5.29664e+09     1.00108
    1.2089  5.28874e+09  5.2864e+09    0.999557
    1.2088  5.28658e+09  5.2992e+09     1.00239
    1.2087  5.28442e+09  5.2736e+09    0.997953
    1.2086  5.28226e+09  5.28768e+09     1.00103
    1.2085  5.28009e+09  5.27488e+09    0.999013
    1.2084  5.27794e+09  5.28256e+09     1.00088
    1.2083  5.27579e+09  5.2736e+09    0.999586
    1.2082  5.27363e+09  5.28128e+09     1.00145
    1.2081  5.27147e+09  5.27232e+09     1.00016
     1.208  5.26931e+09  5.26976e+09     1.00009
    1.2079  5.26716e+09  5.27104e+09     1.00074
    1.2078   5.265e+09  5.25312e+09    0.997743
    1.2077  5.26285e+09  5.26976e+09     1.00131
    1.2076  5.2607e+09   5.248e+09    0.997587
    1.2075  5.25854e+09  5.26208e+09     1.00067
    1.2074  5.2564e+09  5.26976e+09     1.00254
    1.2073  5.25424e+09  5.24544e+09    0.998325
    1.2072  5.25209e+09  5.26464e+09     1.00239
    1.2071  5.24995e+09  5.23904e+09    0.997923
     1.207  5.2478e+09  5.25824e+09     1.00199
    1.2069  5.24564e+09  5.23008e+09    0.997033
    1.2068  5.2435e+09  5.25696e+09     1.00257
    1.2067  5.24135e+09  5.24032e+09    0.999803
    1.2066  5.2392e+09  5.24672e+09     1.00144
    1.2065  5.23705e+09  5.24032e+09     1.00062
    1.2064  5.23492e+09  5.2224e+09    0.997608
    1.2063  5.23277e+09  5.2544e+09     1.00413
    1.2062  5.23064e+09  5.22368e+09     0.99867
    1.2061  5.22848e+09  5.22496e+09    0.999326
     1.206  5.22635e+09  5.22368e+09    0.999489
    1.2059  5.22421e+09  5.2288e+09     1.00088
    1.2058  5.22207e+09  5.22112e+09    0.999819
    1.2057  5.21993e+09  5.23136e+09     1.00219
    1.2056  5.21779e+09  5.21344e+09    0.999167
    1.2055  5.21565e+09  5.20832e+09    0.998595
    1.2054  5.21351e+09  5.22624e+09     1.00244
    1.2053  5.21137e+09  5.20064e+09     0.99794
    1.2052  5.20924e+09  5.22112e+09     1.00228
    1.2051  5.2071e+09  5.1968e+09    0.998021
     1.205  5.20497e+09  5.21216e+09     1.00138
    1.2049  5.20284e+09  5.19808e+09    0.999085
    1.2048  5.2007e+09  5.20448e+09     1.00073
    1.2047  5.19857e+09  5.19936e+09     1.00015
    1.2046  5.19644e+09  5.20576e+09     1.00179
    1.2045  5.19431e+09  5.2032e+09     1.00171
    1.2044  5.19219e+09  5.18528e+09     0.99867
    1.2043  5.19005e+09  5.18912e+09     0.99982
    1.2042  5.18792e+09  5.19552e+09     1.00147
    1.2041  5.18579e+09  5.17632e+09    0.998173
     1.204  5.18367e+09  5.18528e+09     1.00031
    1.2039  5.18154e+09  5.18656e+09     1.00097
    1.2038  5.17942e+09  5.17888e+09    0.999895
    1.2037  5.17729e+09  5.1776e+09     1.00006
    1.2036  5.17517e+09  5.1648e+09    0.997997
    1.2035  5.17305e+09  5.18528e+09     1.00236
    1.2034  5.17092e+09  5.16608e+09    0.999063
    1.2033  5.1688e+09  5.17888e+09     1.00195
    1.2032  5.16668e+09  5.1648e+09    0.999636
    1.2031  5.16456e+09  5.16992e+09     1.00104
     1.203  5.16244e+09  5.14816e+09    0.997234
    1.2029  5.16032e+09  5.17248e+09     1.00236
    1.2028  5.1582e+09  5.15072e+09     0.99855
    1.2027  5.15609e+09  5.16608e+09     1.00194
    1.2026  5.15397e+09  5.15456e+09     1.00011
    1.2025  5.15186e+09  5.14432e+09    0.998537
    1.2024  5.14974e+09  5.16416e+09      1.0028
    1.2023  5.14763e+09  5.13792e+09    0.998114
    1.2022  5.14551e+09  5.15904e+09     1.00263
    1.2021  5.1434e+09  5.13152e+09    0.997691
     1.202  5.14129e+09  5.15136e+09     1.00196
    1.2019  5.13917e+09  5.13088e+09    0.998386
    1.2018  5.13706e+09  5.14496e+09     1.00154
    1.2017  5.13496e+09  5.13088e+09    0.999206
    1.2016  5.13285e+09  5.13984e+09     1.00136
    1.2015  5.13074e+09  5.13344e+09     1.00053
    1.2014  5.12863e+09  5.13856e+09     1.00194
    1.2013  5.12652e+09  5.12256e+09    0.999228
    1.2012  5.12441e+09    5.12e+09     0.99914
    1.2011  5.12231e+09  5.12704e+09     1.00092
     1.201  5.1202e+09  5.11808e+09    0.999585
    1.2009  5.1181e+09  5.12256e+09     1.00087
    1.2008   5.116e+09  5.11616e+09     1.00003
    1.2007  5.1139e+09  5.11552e+09     1.00032
    1.2006  5.11179e+09  5.10272e+09    0.998225
    1.2005  5.10969e+09  5.10656e+09    0.999387
    1.2004  5.10759e+09  5.11424e+09      1.0013
    1.2003  5.10549e+09  5.10656e+09     1.00021
    1.2002  5.10339e+09  5.09824e+09     0.99899
    1.2001  5.10129e+09  5.12256e+09     1.00417
       1.2  5.09919e+09  5.09376e+09    0.998934
